TABLE NO.  4
 ID          WT          DV          PRED        RES         WRES
  1.0000E+00  5.1600E+01  1.2161E+00  0.0000E+00  1.2161E+00  2.9326E-01
  1.0000E+00  5.1600E+01  1.2565E+01  0.0000E+00  1.2565E+01  3.0300E+00
  1.0000E+00  5.1600E+01  1.1218E+01  0.0000E+00  1.1218E+01  2.7052E+00
  1.0000E+00  5.1600E+01  1.7709E+01  0.0000E+00  1.7709E+01  4.2705E+00
  1.0000E+00  5.1600E+01  2.1925E+01  0.0000E+00  2.1925E+01  5.2871E+00
  1.0000E+00  5.1600E+01  1.6205E+01  0.0000E+00  1.6205E+01  3.9078E+00
  1.0000E+00  5.1600E+01  1.8692E+01  0.0000E+00  1.8692E+01  4.5075E+00
  1.0000E+00  5.1600E+01  2.3788E+01  0.0000E+00  2.3788E+01  5.7364E+00
  1.0000E+00  5.1600E+01  1.6475E+01  0.0000E+00  1.6475E+01  3.9729E+00
  1.0000E+00  5.1600E+01  1.7346E+01  0.0000E+00  1.7346E+01  4.1829E+00
  1.0000E+00  5.1600E+01  1.8373E+01  0.0000E+00  1.8373E+01  4.4306E+00
  1.0000E+00  5.1600E+01  1.8252E+01  0.0000E+00  1.8252E+01  4.4014E+00
  1.0000E+00  5.1600E+01  1.8359E+01  0.0000E+00  1.8359E+01  4.4272E+00
  1.0000E+00  5.1600E+01  1.3057E+01  0.0000E+00  1.3057E+01  3.1486E+00
  1.0000E+00  5.1600E+01  1.5134E+01  0.0000E+00  1.5134E+01  3.6495E+00
  1.0000E+00  5.1600E+01  8.4486E+00  0.0000E+00  8.4486E+00  2.0373E+00
  1.0000E+00  5.1600E+01  1.0985E+01  0.0000E+00  1.0985E+01  2.6490E+00
  1.0000E+00  5.1600E+01  5.7362E+00  0.0000E+00  5.7362E+00  1.3833E+00
  1.0000E+00  5.1600E+01  8.4208E+00  0.0000E+00  8.4208E+00  2.0306E+00
  2.0000E+00  4.7100E+01  0.0000E+00  0.0000E+00  0.0000E+00  0.0000E+00
  2.0000E+00  4.7100E+01  1.1076E+00  0.0000E+00  1.1076E+00  2.6709E-01
  2.0000E+00  4.7100E+01  1.0152E+01  8.8109E+00  1.3411E+00  6.7356E-01
  2.0000E+00  4.7100E+01  1.1842E+01  1.3771E+01 -1.9291E+00 -1.2657E-01
  2.0000E+00  4.7100E+01  1.3557E+01  1.6485E+01 -2.9279E+00 -3.7578E-01
  2.0000E+00  4.7100E+01  1.2662E+01  1.7890E+01 -5.2276E+00 -1.1699E+00
  2.0000E+00  4.7100E+01  1.5854E+01  1.8533E+01 -2.6793E+00 -2.1626E-01
  2.0000E+00  4.7100E+01  1.5432E+01  1.8736E+01 -3.3039E+00 -4.4294E-01
  2.0000E+00  4.7100E+01  1.7372E+01  1.8684E+01 -1.3124E+00  2.9900E-01
  2.0000E+00  4.7100E+01  1.9629E+01  1.8488E+01  1.1409E+00  1.2012E+00
  2.0000E+00  4.7100E+01  1.7099E+01  1.8211E+01 -1.1118E+00  3.4740E-01
  2.0000E+00  4.7100E+01  1.4025E+01  1.7890E+01 -3.8645E+00 -6.7926E-01
  2.0000E+00  4.7100E+01  1.4696E+01  1.7546E+01 -2.8500E+00 -3.2030E-01
  2.0000E+00  4.7100E+01  1.5417E+01  1.7193E+01 -1.7759E+00  5.3408E-02
  2.0000E+00  4.7100E+01  1.3979E+01  1.5790E+01 -1.8113E+00 -2.1561E-02
  2.0000E+00  4.7100E+01  9.3259E+00  1.2170E+01 -2.8439E+00 -4.8813E-01
  2.0000E+00  4.7100E+01  6.8900E+00  9.3770E+00 -2.4870E+00 -4.5038E-01
  2.0000E+00  4.7100E+01  5.2125E+00  7.2250E+00 -2.0125E+00 -3.6602E-01
  2.0000E+00  4.7100E+01  4.1558E+00  5.5670E+00 -1.4112E+00 -2.4071E-01
  2.0000E+00  4.7100E+01  3.2563E+00  4.2894E+00 -1.0331E+00 -1.7115E-01
  3.0000E+00  3.5000E+01  0.0000E+00  0.0000E+00  0.0000E+00  0.0000E+00
  3.0000E+00  3.5000E+01 -7.3757E-02  0.0000E+00 -7.3757E-02 -1.7786E-02
  3.0000E+00  3.5000E+01  9.3116E+00  8.7347E+00  5.7691E-01 -5.0529E-01
  3.0000E+00  3.5000E+01  2.0167E+01  1.3696E+01  6.4706E+00  9.1788E-01
  3.0000E+00  3.5000E+01  2.1678E+01  1.6455E+01  5.2226E+00  2.8697E-01
  3.0000E+00  3.5000E+01  2.4841E+01  1.7929E+01  6.9118E+00  7.7709E-01
  3.0000E+00  3.5000E+01  2.1191E+01  1.8654E+01  2.5368E+00 -8.9882E-01
  3.0000E+00  3.5000E+01  2.2233E+01  1.8944E+01  3.2892E+00 -6.3843E-01
  3.0000E+00  3.5000E+01  2.5764E+01  1.8981E+01  6.7829E+00  6.8866E-01
  3.0000E+00  3.5000E+01  2.6171E+01  1.8873E+01  7.2979E+00  9.0846E-01
  3.0000E+00  3.5000E+01  2.6855E+01  1.8682E+01  8.1726E+00  1.2677E+00
  3.0000E+00  3.5000E+01  2.4440E+01  1.8445E+01  5.9947E+00  4.9112E-01
  3.0000E+00  3.5000E+01  2.2379E+01  1.8183E+01  4.1957E+00 -1.3392E-01
  3.0000E+00  3.5000E+01  1.9932E+01  1.7909E+01  2.0234E+00 -8.8643E-01
  3.0000E+00  3.5000E+01  2.1774E+01  1.6790E+01  4.9837E+00  3.5754E-01
  3.0000E+00  3.5000E+01  1.7953E+01  1.3770E+01  4.1830E+00  4.5219E-01
  3.0000E+00  3.5000E+01  1.2802E+01  1.1290E+01  1.5116E+00 -1.3079E-01
  3.0000E+00  3.5000E+01  1.1368E+01  9.2572E+00  2.1108E+00  2.4294E-01
  3.0000E+00  3.5000E+01  1.1672E+01  7.5902E+00  4.0818E+00  9.2636E-01
  3.0000E+00  3.5000E+01  7.5140E+00  6.2234E+00  1.2906E+00  2.2654E-01
  4.0000E+00  4.8400E+01  0.0000E+00  0.0000E+00  0.0000E+00  0.0000E+00
  4.0000E+00  4.8400E+01 -2.4017E-01  0.0000E+00 -2.4017E-01 -5.7916E-02
  4.0000E+00  4.8400E+01  8.3117E+00  1.0010E+01 -1.6979E+00  2.4008E-01
  4.0000E+00  4.8400E+01  1.2332E+01  1.5076E+01 -2.7441E+00  3.5529E-01
  4.0000E+00  4.8400E+01  9.5114E+00  1.7537E+01 -8.0251E+00 -1.3081E+00
  4.0000E+00  4.8400E+01  1.5384E+01  1.8625E+01 -3.2413E+00  5.2400E-01
  4.0000E+00  4.8400E+01  1.5128E+01  1.8994E+01 -3.8661E+00  3.1245E-01
  4.0000E+00  4.8400E+01  1.2791E+01  1.8987E+01 -6.1962E+00 -5.8576E-01
  4.0000E+00  4.8400E+01  1.1972E+01  1.8786E+01 -6.8143E+00 -8.5428E-01
  4.0000E+00  4.8400E+01  1.3333E+01  1.8487E+01 -5.1543E+00 -2.7826E-01
  4.0000E+00  4.8400E+01  1.3072E+01  1.8141E+01 -5.0687E+00 -2.9616E-01
  4.0000E+00  4.8400E+01  1.1469E+01  1.7773E+01 -6.3041E+00 -7.9762E-01
  4.0000E+00  4.8400E+01  1.1090E+01  1.7398E+01 -6.3085E+00 -8.4358E-01
  4.0000E+00  4.8400E+01  1.4601E+01  1.7024E+01 -2.4232E+00  5.0642E-01
  4.0000E+00  4.8400E+01  1.3715E+01  1.5582E+01 -1.8667E+00  4.9643E-01
  4.0000E+00  4.8400E+01  1.0035E+01  1.1928E+01 -1.8926E+00  5.2338E-02
  4.0000E+00  4.8400E+01  6.7983E+00  9.1300E+00 -2.3317E+00 -3.2613E-01
  4.0000E+00  4.8400E+01  3.0324E+00  6.9885E+00 -3.9561E+00 -9.1883E-01
  4.0000E+00  4.8400E+01  3.8927E+00  5.3493E+00 -1.4566E+00 -3.0977E-01
  4.0000E+00  4.8400E+01  3.8535E+00  4.0946E+00 -2.4113E-01 -4.2327E-02
  5.0000E+00  5.2900E+01  0.0000E+00  0.0000E+00  0.0000E+00  0.0000E+00
  5.0000E+00  5.2900E+01  5.3430E-01  0.0000E+00  5.3430E-01  1.2884E-01
  5.0000E+00  5.2900E+01  8.8596E+00  8.8388E+00  2.0773E-02 -2.1935E-01
  5.0000E+00  5.2900E+01  1.4427E+01  1.3794E+01  6.3328E-01 -2.0693E-01
  5.0000E+00  5.2900E+01  1.6130E+01  1.6484E+01 -3.5364E-01 -6.8169E-01
  5.0000E+00  5.2900E+01  2.4238E+01  1.7855E+01  6.3833E+00  1.6693E+00
  5.0000E+00  5.2900E+01  1.5178E+01  1.8460E+01 -3.2817E+00 -1.9476E+00
  5.0000E+00  5.2900E+01  2.2489E+01  1.8622E+01  3.8672E+00  6.6453E-01
  5.0000E+00  5.2900E+01  2.4514E+01  1.8529E+01  5.9846E+00  1.4167E+00
  5.0000E+00  5.2900E+01  2.2087E+01  1.8293E+01  3.7941E+00  5.6847E-01
  5.0000E+00  5.2900E+01  1.8739E+01  1.7976E+01  7.6255E-01 -5.7406E-01
  5.0000E+00  5.2900E+01  1.5653E+01  1.7618E+01 -1.9646E+00 -1.5822E+00
  5.0000E+00  5.2900E+01  2.1381E+01  1.7238E+01  4.1430E+00  6.1682E-01
  5.0000E+00  5.2900E+01  2.2030E+01  1.6850E+01  5.1796E+00  9.6482E-01
  5.0000E+00  5.2900E+01  2.0821E+01  1.5326E+01  5.4949E+00  9.9069E-01
  5.0000E+00  5.2900E+01  1.6266E+01  1.1471E+01  4.7949E+00  6.4861E-01
  5.0000E+00  5.2900E+01  1.2420E+01  8.5833E+00  3.8367E+00  3.6899E-01
  5.0000E+00  5.2900E+01  1.3299E+01  6.4226E+00  6.8764E+00  1.2594E+00
  5.0000E+00  5.2900E+01  1.0335E+01  4.8057E+00  5.5293E+00  9.3500E-01
  5.0000E+00  5.2900E+01  9.3872E+00  3.5959E+00  5.7913E+00  1.0551E+00
  6.0000E+00  6.5900E+01  0.0000E+00  0.0000E+00  0.0000E+00  0.0000E+00
  6.0000E+00  6.5900E+01  2.9626E-01  0.0000E+00  2.9626E-01  7.1442E-02
  6.0000E+00  6.5900E+01  1.4315E+01  1.0089E+01  4.2257E+00 -1.8628E-01
  6.0000E+00  6.5900E+01  2.7738E+01  1.5124E+01  1.2614E+01  1.8331E+00
  6.0000E+00  6.5900E+01  3.0663E+01  1.7499E+01  1.3164E+01  1.8122E+00
  6.0000E+00  6.5900E+01  2.8684E+01  1.8476E+01  1.0208E+01  7.0063E-01
  6.0000E+00  6.5900E+01  2.4885E+01  1.8723E+01  6.1622E+00 -7.2543E-01
  6.0000E+00  6.5900E+01  3.2096E+01  1.8592E+01  1.3504E+01  2.1710E+00
  6.0000E+00  6.5900E+01  2.7022E+01  1.8270E+01  8.7523E+00  5.7979E-01
  6.0000E+00  6.5900E+01  2.8394E+01  1.7853E+01  1.0541E+01  1.4235E+00
  6.0000E+00  6.5900E+01  1.9052E+01  1.7394E+01  1.6578E+00 -1.6157E+00
  6.0000E+00  6.5900E+01  2.4557E+01  1.6920E+01  7.6372E+00  7.2858E-01
  6.0000E+00  6.5900E+01  1.8485E+01  1.6444E+01  2.0411E+00 -1.0790E+00
  6.0000E+00  6.5900E+01  1.7830E+01  1.5974E+01  1.8561E+00 -9.6286E-01
  6.0000E+00  6.5900E+01  1.3155E+01  1.4201E+01 -1.0461E+00 -1.3229E+00
  6.0000E+00  6.5900E+01  8.4222E+00  9.9603E+00 -1.5381E+00 -3.5704E-01
  6.0000E+00  6.5900E+01  4.9649E+00  6.9856E+00 -2.0207E+00 -4.3366E-02
  6.0000E+00  6.5900E+01 -3.1050E-01  4.8992E+00 -5.2097E+00 -7.4240E-01
  6.0000E+00  6.5900E+01  1.4111E+00  3.4360E+00 -2.0249E+00  1.1649E-01
  6.0000E+00  6.5900E+01  1.4164E+00  2.4098E+00 -9.9341E-01  3.2491E-01
  7.0000E+00  6.2500E+01  0.0000E+00  0.0000E+00  0.0000E+00  0.0000E+00
  7.0000E+00  6.2500E+01 -1.4391E+00  0.0000E+00 -1.4391E+00 -3.4703E-01
  7.0000E+00  6.2500E+01  8.5353E+00  8.8768E+00 -3.4152E-01  1.1091E-01
  7.0000E+00  6.2500E+01  1.3037E+01  1.3818E+01 -7.8146E-01  1.0381E-01
  7.0000E+00  6.2500E+01  1.1623E+01  1.6467E+01 -4.8440E+00 -1.2609E+00
  7.0000E+00  6.2500E+01  1.9103E+01  1.7782E+01  1.3210E+00  9.4798E-01
  7.0000E+00  6.2500E+01  2.2441E+01  1.8324E+01  4.1170E+00  1.9799E+00
  7.0000E+00  6.2500E+01  1.2201E+01  1.8421E+01 -6.2195E+00 -1.8834E+00
  7.0000E+00  6.2500E+01  1.8646E+01  1.8263E+01  3.8318E-01  5.2631E-01
  7.0000E+00  6.2500E+01  1.6261E+01  1.7962E+01 -1.7015E+00 -2.8607E-01
  7.0000E+00  6.2500E+01  1.8519E+01  1.7585E+01  9.3445E-01  6.3226E-01
  7.0000E+00  6.2500E+01  1.6067E+01  1.7167E+01 -1.0999E+00 -1.4867E-01
  7.0000E+00  6.2500E+01  1.3287E+01  1.6731E+01 -3.4445E+00 -1.0214E+00
  7.0000E+00  6.2500E+01  1.5586E+01  1.6291E+01 -7.0498E-01 -8.4612E-02
  7.0000E+00  6.2500E+01  1.4131E+01  1.4584E+01 -4.5270E-01 -1.2481E-01
  7.0000E+00  6.2500E+01  1.0141E+01  1.0405E+01 -2.6367E-01 -2.7213E-01
  7.0000E+00  6.2500E+01  8.8287E+00  7.4210E+00  1.4077E+00  1.3456E-01
  7.0000E+00  6.2500E+01  8.5356E+00  5.2930E+00  3.2426E+00  6.0357E-01
  7.0000E+00  6.2500E+01  1.0732E+01  3.7751E+00  6.9569E+00  1.5638E+00
  7.0000E+00  6.2500E+01  5.6827E+00  2.6926E+00  2.9901E+00  5.4620E-01
  8.0000E+00  5.8600E+01  0.0000E+00  0.0000E+00  0.0000E+00  0.0000E+00
  8.0000E+00  5.8600E+01 -1.4741E+00  0.0000E+00 -1.4741E+00 -3.5547E-01
  8.0000E+00  5.8600E+01  7.9728E+00  1.0060E+01 -2.0875E+00  3.5778E-01
  8.0000E+00  5.8600E+01  8.8496E+00  1.5110E+01 -6.2609E+00 -4.4853E-01
  8.0000E+00  5.8600E+01  1.3640E+01  1.7521E+01 -3.8813E+00  6.4701E-01
  8.0000E+00  5.8600E+01  1.0014E+01  1.8545E+01 -8.5308E+00 -9.7476E-01
  8.0000E+00  5.8600E+01  1.1450E+01  1.8842E+01 -7.3921E+00 -5.6511E-01
  8.0000E+00  5.8600E+01  1.2985E+01  1.8762E+01 -5.7771E+00 -1.7420E-02
  8.0000E+00  5.8600E+01  1.3505E+01  1.8489E+01 -4.9840E+00  1.9610E-01
  8.0000E+00  5.8600E+01  1.3047E+01  1.8120E+01 -5.0731E+00  6.9874E-02
  8.0000E+00  5.8600E+01  1.0564E+01  1.7706E+01 -7.1424E+00 -7.8001E-01
  8.0000E+00  5.8600E+01  1.2683E+01  1.7275E+01 -4.5917E+00  5.6165E-02
  8.0000E+00  5.8600E+01  8.6373E+00  1.6839E+01 -8.2019E+00 -1.3224E+00
  8.0000E+00  5.8600E+01  1.1059E+01  1.6407E+01 -5.3480E+00 -3.8722E-01
  8.0000E+00  5.8600E+01  8.8038E+00  1.4763E+01 -5.9592E+00 -8.7830E-01
  8.0000E+00  5.8600E+01  1.0215E+01  1.0736E+01 -5.2130E-01  2.8373E-01
  8.0000E+00  5.8600E+01  9.1337E+00  7.8075E+00  1.3262E+00  4.7743E-01
  8.0000E+00  5.8600E+01  7.4354E+00  5.6777E+00  1.7577E+00  4.0960E-01
  8.0000E+00  5.8600E+01  2.7340E+00  4.1288E+00 -1.3948E+00 -5.0765E-01
  8.0000E+00  5.8600E+01  3.1525E+00  3.0025E+00  1.4999E-01 -1.2933E-01
  9.0000E+00  4.3500E+01  0.0000E+00  0.0000E+00  0.0000E+00  0.0000E+00
  9.0000E+00  4.3500E+01  8.7304E-01  0.0000E+00  8.7304E-01  2.1053E-01
  9.0000E+00  4.3500E+01  9.3326E+00  8.7911E+00  5.4154E-01 -5.2669E-01
  9.0000E+00  4.3500E+01  1.8401E+01  1.3753E+01  4.6477E+00  3.0077E-01
  9.0000E+00  4.3500E+01  1.8791E+01  1.6481E+01  2.3097E+00 -7.6953E-01
  9.0000E+00  4.3500E+01  2.2161E+01  1.7907E+01  4.2541E+00 -2.3873E-01
  9.0000E+00  4.3500E+01  2.5832E+01  1.8575E+01  7.2574E+00  8.0258E-01
  9.0000E+00  4.3500E+01  2.7124E+01  1.8803E+01  8.3212E+00  1.1821E+00
  9.0000E+00  4.3500E+01  2.4099E+01  1.8777E+01  5.3218E+00  6.0691E-02
  9.0000E+00  4.3500E+01  2.5978E+01  1.8607E+01  7.3714E+00  8.4389E-01
  9.0000E+00  4.3500E+01  2.6581E+01  1.8354E+01  8.2268E+00  1.1830E+00
  9.0000E+00  4.3500E+01  2.0701E+01  1.8057E+01  2.6438E+00 -8.4938E-01
  9.0000E+00  4.3500E+01  2.3277E+01  1.7737E+01  5.5400E+00  2.4901E-01
  9.0000E+00  4.3500E+01  2.4942E+01  1.7406E+01  7.5357E+00  1.0042E+00
  9.0000E+00  4.3500E+01  1.9075E+01  1.6084E+01  2.9912E+00 -4.8370E-01
  9.0000E+00  4.3500E+01  1.4777E+01  1.2625E+01  2.1517E+00 -3.8619E-01
  9.0000E+00  4.3500E+01  1.6292E+01  9.9080E+00  6.3840E+00  1.1415E+00
  9.0000E+00  4.3500E+01  1.3662E+01  7.7755E+00  5.8865E+00  1.1173E+00
  9.0000E+00  4.3500E+01  1.3293E+01  6.1020E+00  7.1910E+00  1.5606E+00
  9.0000E+00  4.3500E+01  6.0762E+00  4.7886E+00  1.2876E+00  4.1213E-02
  1.0000E+01  4.3900E+01  0.0000E+00  0.0000E+00  0.0000E+00  0.0000E+00
  1.0000E+01  4.3900E+01 -3.7150E-01  0.0000E+00 -3.7150E-01 -8.9586E-02
  1.0000E+01  4.3900E+01  6.5295E+00  9.9823E+00 -3.4528E+00 -1.9579E-01
  1.0000E+01  4.3900E+01  4.7900E+00  1.5054E+01 -1.0264E+01 -2.0401E+00
  1.0000E+01  4.3900E+01  1.3608E+01  1.7535E+01 -3.9271E+00  3.5353E-01
  1.0000E+01  4.3900E+01  1.5042E+01  1.8653E+01 -3.6106E+00  5.7793E-01
  1.0000E+01  4.3900E+01  1.0515E+01  1.9054E+01 -8.5385E+00 -1.2598E+00
  1.0000E+01  4.3900E+01  1.7271E+01  1.9080E+01 -1.8088E+00  1.2509E+00
  1.0000E+01  4.3900E+01  1.2888E+01  1.8912E+01 -6.0238E+00 -3.9034E-01
  1.0000E+01  4.3900E+01  1.0862E+01  1.8645E+01 -7.7831E+00 -1.1057E+00
  1.0000E+01  4.3900E+01  1.1253E+01  1.8330E+01 -7.0766E+00 -8.9907E-01
  1.0000E+01  4.3900E+01  1.5143E+01  1.7992E+01 -2.8490E+00  5.9765E-01
  1.0000E+01  4.3900E+01  1.3918E+01  1.7646E+01 -3.7281E+00  2.0810E-01
  1.0000E+01  4.3900E+01  1.1673E+01  1.7299E+01 -5.6263E+00 -5.4125E-01
  1.0000E+01  4.3900E+01  1.4497E+01  1.5955E+01 -1.4576E+00  7.0535E-01
  1.0000E+01  4.3900E+01  8.3015E+00  1.2496E+01 -4.1943E+00 -7.0779E-01
  1.0000E+01  4.3900E+01  7.3889E+00  9.7863E+00 -2.3974E+00 -4.2586E-01
  1.0000E+01  4.3900E+01  6.0079E+00  7.6643E+00 -1.6564E+00 -3.8062E-01
  1.0000E+01  4.3900E+01  6.8062E+00  6.0024E+00  8.0377E-01  1.9270E-01
  1.0000E+01  4.3900E+01  5.6810E+00  4.7009E+00  9.8009E-01  1.6875E-01
  1.1000E+01  6.9500E+01  0.0000E+00  0.0000E+00  0.0000E+00  0.0000E+00
  1.1000E+01  6.9500E+01 -5.6842E-01  0.0000E+00 -5.6842E-01 -1.3707E-01
  1.1000E+01  6.9500E+01  1.4825E+01  1.0102E+01  4.7231E+00  5.2079E-01
  1.1000E+01  6.9500E+01  2.0806E+01  1.5129E+01  5.6771E+00  4.2793E-01
  1.1000E+01  6.9500E+01  2.2776E+01  1.7485E+01  5.2912E+00  1.2079E-01
  1.1000E+01  6.9500E+01  2.5909E+01  1.8439E+01  7.4700E+00  9.0849E-01
  1.1000E+01  6.9500E+01  2.6750E+01  1.8662E+01  8.0884E+00  1.2134E+00
  1.1000E+01  6.9500E+01  2.2268E+01  1.8507E+01  3.7614E+00 -2.9118E-01
  1.1000E+01  6.9500E+01  2.1373E+01  1.8160E+01  3.2127E+00 -3.6256E-01
  1.1000E+01  6.9500E+01  2.2413E+01  1.7721E+01  4.6919E+00  3.1469E-01
  1.1000E+01  6.9500E+01  2.0015E+01  1.7241E+01  2.7744E+00 -2.4978E-01
  1.1000E+01  6.9500E+01  2.0055E+01  1.6746E+01  3.3090E+00  6.9068E-02
  1.1000E+01  6.9500E+01  2.1338E+01  1.6251E+01  5.0868E+00  8.1131E-01
  1.1000E+01  6.9500E+01  1.7573E+01  1.5764E+01  1.8095E+00 -2.2454E-01
  1.1000E+01  6.9500E+01  1.3612E+01  1.3932E+01 -3.1953E-01 -5.4909E-01
  1.1000E+01  6.9500E+01  5.6619E+00  9.5995E+00 -3.9376E+00 -9.5084E-01
  1.1000E+01  6.9500E+01  8.5935E-01  6.6141E+00 -5.7548E+00 -1.1480E+00
  1.1000E+01  6.9500E+01  2.6520E+00  4.5572E+00 -1.9052E+00 -1.3641E-02
  1.1000E+01  6.9500E+01  1.9017E+00  3.1399E+00 -1.2382E+00  1.4078E-01
  1.1000E+01  6.9500E+01  3.0592E-01  2.1634E+00 -1.8575E+00 -6.9677E-02
  1.2000E+01  6.9600E+01  0.0000E+00  0.0000E+00  0.0000E+00  0.0000E+00
  1.2000E+01  6.9600E+01  6.9916E-01  0.0000E+00  6.9916E-01  1.6860E-01
  1.2000E+01  6.9600E+01  7.5569E+00  8.8998E+00 -1.3429E+00  1.2829E-01
  1.2000E+01  6.9600E+01  1.1316E+01  1.3829E+01 -2.5129E+00  7.3340E-02
  1.2000E+01  6.9600E+01  1.1144E+01  1.6446E+01 -5.3018E+00 -7.5023E-01
  1.2000E+01  6.9600E+01  1.2664E+01  1.7719E+01 -5.0553E+00 -6.4516E-01
  1.2000E+01  6.9600E+01  1.3131E+01  1.8215E+01 -5.0845E+00 -6.8902E-01
  1.2000E+01  6.9600E+01  1.6421E+01  1.8265E+01 -1.8439E+00  4.4772E-01
  1.2000E+01  6.9600E+01  1.4409E+01  1.8061E+01 -3.6517E+00 -2.9847E-01
  1.2000E+01  6.9600E+01  1.6692E+01  1.7715E+01 -1.0233E+00  5.7709E-01
  1.2000E+01  6.9600E+01  1.5315E+01  1.7294E+01 -1.9793E+00  1.3790E-01
  1.2000E+01  6.9600E+01  1.4247E+01  1.6836E+01 -2.5888E+00 -1.6722E-01
  1.2000E+01  6.9600E+01  9.6188E+00  1.6362E+01 -6.7431E+00 -1.7115E+00
  1.2000E+01  6.9600E+01  1.6966E+01  1.5885E+01  1.0806E+00  9.5409E-01
  1.2000E+01  6.9600E+01  1.4428E+01  1.4056E+01  3.7167E-01  4.1277E-01
  1.2000E+01  6.9600E+01  1.0853E+01  9.6831E+00  1.1699E+00  1.7115E-01
  1.2000E+01  6.9600E+01  1.2252E+01  6.6685E+00  5.5835E+00  1.2143E+00
  1.2000E+01  6.9600E+01  7.5679E+00  4.5924E+00  2.9755E+00  4.2657E-01
  1.2000E+01  6.9600E+01  5.2946E+00  3.1626E+00  2.1320E+00  2.1226E-01
  1.2000E+01  6.9600E+01  1.4880E+00  2.1780E+00 -6.8999E-01 -4.6338E-01
  1.3000E+01  4.9500E+01  0.0000E+00  0.0000E+00  0.0000E+00  0.0000E+00
  1.3000E+01  4.9500E+01 -3.2042E-01  0.0000E+00 -3.2042E-01 -7.7268E-02
  1.3000E+01  4.9500E+01  6.7460E+00  8.8230E+00 -2.0770E+00  5.0341E-01
  1.3000E+01  4.9500E+01  8.6614E+00  1.3781E+01 -5.1199E+00  2.7783E-01
  1.3000E+01  4.9500E+01  8.3299E+00  1.6485E+01 -8.1554E+00 -3.7117E-01
  1.3000E+01  4.9500E+01  8.7517E+00  1.7876E+01 -9.1245E+00 -5.5210E-01
  1.3000E+01  4.9500E+01  6.7008E+00  1.8504E+01 -1.1803E+01 -1.5018E+00
  1.3000E+01  4.9500E+01  1.2519E+01  1.8689E+01 -6.1705E+00  5.7172E-01
  1.3000E+01  4.9500E+01  9.3268E+00  1.8621E+01 -9.2942E+00 -6.6149E-01
  1.3000E+01  4.9500E+01  1.1918E+01  1.8408E+01 -6.4899E+00  2.9368E-01
  1.3000E+01  4.9500E+01  9.9731E+00  1.8114E+01 -8.1411E+00 -4.1836E-01
  1.3000E+01  4.9500E+01  7.5797E+00  1.7777E+01 -1.0197E+01 -1.2718E+00
  1.3000E+01  4.9500E+01  7.9599E+00  1.7419E+01 -9.4586E+00 -1.0983E+00
  1.3000E+01  4.9500E+01  1.3055E+01  1.7051E+01 -3.9959E+00  7.6745E-01
  1.3000E+01  4.9500E+01  7.5450E+00  1.5597E+01 -8.0519E+00 -1.0382E+00
  1.3000E+01  4.9500E+01  1.0013E+01  1.1875E+01 -1.8625E+00  2.2049E-01
  1.3000E+01  4.9500E+01  5.4839E+00  9.0396E+00 -3.5557E+00 -7.4741E-01
  1.3000E+01  4.9500E+01  8.2221E+00  6.8809E+00  1.3412E+00  3.8890E-01
  1.3000E+01  4.9500E+01  6.4078E+00  5.2377E+00  1.1701E+00  1.8222E-01
  1.3000E+01  4.9500E+01  4.9566E+00  3.9870E+00  9.6964E-01  5.0401E-02
  1.4000E+01  4.6100E+01  0.0000E+00  0.0000E+00  0.0000E+00  0.0000E+00
  1.4000E+01  4.6100E+01 -1.0504E+00  0.0000E+00 -1.0504E+00 -2.5330E-01
  1.4000E+01  4.6100E+01  5.8911E+00  9.9961E+00 -4.1050E+00 -4.1446E-02
  1.4000E+01  4.6100E+01  7.8781E+00  1.5065E+01 -7.1872E+00 -3.9361E-01
  1.4000E+01  4.6100E+01  1.1491E+01  1.7537E+01 -6.0456E+00  3.4923E-01
  1.4000E+01  4.6100E+01  7.3182E+00  1.8640E+01 -1.1322E+01 -1.4535E+00
  1.4000E+01  4.6100E+01  9.3346E+00  1.9025E+01 -9.6906E+00 -8.1728E-01
  1.4000E+01  4.6100E+01  1.2041E+01  1.9035E+01 -6.9941E+00  1.7696E-01
  1.4000E+01  4.6100E+01  1.5854E+01  1.8851E+01 -2.9970E+00  1.6251E+00
  1.4000E+01  4.6100E+01  1.0822E+01  1.8568E+01 -7.7463E+00 -2.2562E-01
  1.4000E+01  4.6100E+01  9.2415E+00  1.8238E+01 -8.9961E+00 -7.5971E-01
  1.4000E+01  4.6100E+01  8.2463E+00  1.7885E+01 -9.6389E+00 -1.0640E+00
  1.4000E+01  4.6100E+01  9.9437E+00  1.7525E+01 -7.5814E+00 -3.8212E-01
  1.4000E+01  4.6100E+01  8.5157E+00  1.7165E+01 -8.6490E+00 -8.3619E-01
  1.4000E+01  4.6100E+01  8.6114E+00  1.5771E+01 -7.1601E+00 -5.5839E-01
  1.4000E+01  4.6100E+01  5.0943E+00  1.2215E+01 -7.1203E+00 -1.0864E+00
  1.4000E+01  4.6100E+01  5.2004E+00  9.4594E+00 -4.2590E+00 -5.5424E-01
  1.4000E+01  4.6100E+01  3.4361E+00  7.3257E+00 -3.8896E+00 -6.7664E-01
  1.4000E+01  4.6100E+01  4.1310E+00  5.6733E+00 -1.5423E+00 -1.8186E-01
  1.4000E+01  4.6100E+01  3.2494E+00  4.3936E+00 -1.1442E+00 -1.8021E-01
  1.5000E+01  5.4300E+01  0.0000E+00  0.0000E+00  0.0000E+00  0.0000E+00
  1.5000E+01  5.4300E+01 -1.2576E+00  0.0000E+00 -1.2576E+00 -3.0327E-01
  1.5000E+01  5.4300E+01  6.8983E+00  8.8450E+00 -1.9467E+00 -9.1849E-02
  1.5000E+01  5.4300E+01  8.7259E+00  1.3798E+01 -5.0723E+00 -8.3257E-01
  1.5000E+01  5.4300E+01  1.2060E+01  1.6482E+01 -4.4222E+00 -5.0821E-01
  1.5000E+01  5.4300E+01  1.2764E+01  1.7845E+01 -5.0811E+00 -7.0631E-01
  1.5000E+01  5.4300E+01  1.7664E+01  1.8441E+01 -7.7691E-01  8.8131E-01
  1.5000E+01  5.4300E+01  1.6253E+01  1.8593E+01 -2.3402E+00  2.7215E-01
  1.5000E+01  5.4300E+01  1.5789E+01  1.8491E+01 -2.7022E+00  8.7867E-02
  1.5000E+01  5.4300E+01  1.4210E+01  1.8245E+01 -4.0352E+00 -4.6383E-01
  1.5000E+01  5.4300E+01  1.2709E+01  1.7920E+01 -5.2105E+00 -9.5293E-01
  1.5000E+01  5.4300E+01  1.4782E+01  1.7552E+01 -2.7698E+00 -1.1929E-01
  1.5000E+01  5.4300E+01  1.3680E+01  1.7164E+01 -3.4838E+00 -4.3616E-01
  1.5000E+01  5.4300E+01  1.8359E+01  1.6768E+01  1.5908E+00  1.3160E+00
  1.5000E+01  5.4300E+01  1.2386E+01  1.5216E+01 -2.8298E+00 -4.5551E-01
  1.5000E+01  5.4300E+01  1.1557E+01  1.1309E+01  2.4830E-01  1.4364E-01
  1.5000E+01  5.4300E+01  8.9367E+00  8.4025E+00  5.3416E-01  1.4302E-02
  1.5000E+01  5.4300E+01  9.1989E+00  6.2432E+00  2.9557E+00  5.8382E-01
  1.5000E+01  5.4300E+01  8.1492E+00  4.6388E+00  3.5104E+00  6.7583E-01
  1.5000E+01  5.4300E+01  3.2366E+00  3.4467E+00 -2.1011E-01 -3.0448E-01
  1.6000E+01  3.0200E+01  0.0000E+00  0.0000E+00  0.0000E+00  0.0000E+00
  1.6000E+01  3.0200E+01  2.9605E-01  0.0000E+00  2.9605E-01  7.1391E-02
  1.6000E+01  3.0200E+01  1.2864E+01  8.6948E+00  4.1692E+00  8.2644E-01
  1.6000E+01  3.0200E+01  1.9816E+01  1.3652E+01  6.1641E+00  1.3320E+00
  1.6000E+01  3.0200E+01  2.0708E+01  1.6426E+01  4.2819E+00  6.2257E-01
  1.6000E+01  3.0200E+01  2.0340E+01  1.7926E+01  2.4137E+00 -1.1215E-01
  1.6000E+01  3.0200E+01  1.9966E+01  1.8684E+01  1.2823E+00 -5.7065E-01
  1.6000E+01  3.0200E+01  1.8822E+01  1.9009E+01 -1.8658E-01 -1.1367E+00
  1.6000E+01  3.0200E+01  2.3543E+01  1.9082E+01  4.4606E+00  6.2226E-01
  1.6000E+01  3.0200E+01  2.1939E+01  1.9011E+01  2.9278E+00  6.0389E-02
  1.6000E+01  3.0200E+01  2.4493E+01  1.8857E+01  5.6362E+00  1.0989E+00
  1.6000E+01  3.0200E+01  2.3563E+01  1.8655E+01  4.9076E+00  8.4510E-01
  1.6000E+01  3.0200E+01  2.2517E+01  1.8428E+01  4.0888E+00  5.6118E-01
  1.6000E+01  3.0200E+01  1.6775E+01  1.8187E+01 -1.4124E+00 -1.4480E+00
  1.6000E+01  3.0200E+01  2.0776E+01  1.7194E+01  3.5816E+00  4.8349E-01
  1.6000E+01  3.0200E+01  1.2688E+01  1.4460E+01 -1.7721E+00 -1.1122E+00
  1.6000E+01  3.0200E+01  1.2005E+01  1.2158E+01 -1.5287E-01 -3.7112E-01
  1.6000E+01  3.0200E+01  9.5967E+00  1.0222E+01 -6.2544E-01 -3.7767E-01
  1.6000E+01  3.0200E+01  1.1326E+01  8.5946E+00  2.7314E+00  6.9425E-01
  1.6000E+01  3.0200E+01  1.1408E+01  7.2262E+00  4.1818E+00  1.1396E+00
  1.7000E+01  4.4900E+01  0.0000E+00  0.0000E+00  0.0000E+00  0.0000E+00
  1.7000E+01  4.4900E+01  1.5452E+00  0.0000E+00  1.5452E+00  3.7262E-01
  1.7000E+01  4.4900E+01  6.3148E+00  9.9887E+00 -3.6739E+00 -3.1568E-01
  1.7000E+01  4.4900E+01  1.1782E+01  1.5059E+01 -3.2771E+00  2.3226E-01
  1.7000E+01  4.4900E+01  1.0068E+01  1.7536E+01 -7.4680E+00 -1.0395E+00
  1.7000E+01  4.4900E+01  1.0811E+01  1.8647E+01 -7.8360E+00 -1.1203E+00
  1.7000E+01  4.4900E+01  1.4761E+01  1.9041E+01 -4.2798E+00  2.1957E-01
  1.7000E+01  4.4900E+01  1.2888E+01  1.9060E+01 -6.1716E+00 -5.2221E-01
  1.7000E+01  4.4900E+01  1.2712E+01  1.8884E+01 -6.1723E+00 -5.6824E-01
  1.7000E+01  4.4900E+01  1.4478E+01  1.8610E+01 -4.1323E+00  1.4039E-01
  1.7000E+01  4.4900E+01  1.1640E+01  1.8288E+01 -6.6479E+00 -8.5301E-01
  1.7000E+01  4.4900E+01  1.4605E+01  1.7943E+01 -3.3385E+00  3.0822E-01
  1.7000E+01  4.4900E+01  1.3470E+01  1.7591E+01 -4.1211E+00 -3.9500E-02
  1.7000E+01  4.4900E+01  1.6893E+01  1.7238E+01 -3.4507E-01  1.2632E+00
  1.7000E+01  4.4900E+01  1.2601E+01  1.5871E+01 -3.2702E+00 -9.5059E-03
  1.7000E+01  4.4900E+01  9.3644E+00  1.2367E+01 -3.0028E+00 -3.7203E-01
  1.7000E+01  4.4900E+01  7.5676E+00  9.6363E+00 -2.0687E+00 -3.4776E-01
  1.7000E+01  4.4900E+01  4.8312E+00  7.5084E+00 -2.6772E+00 -6.7337E-01
  1.7000E+01  4.4900E+01  4.8111E+00  5.8504E+00 -1.0393E+00 -3.0545E-01
  1.7000E+01  4.4900E+01  6.3611E+00  4.5585E+00  1.8026E+00  3.9605E-01
  1.8000E+01  4.7100E+01  0.0000E+00  0.0000E+00  0.0000E+00  0.0000E+00
  1.8000E+01  4.7100E+01  3.1204E-01  0.0000E+00  3.1204E-01  7.5247E-02
  1.8000E+01  4.7100E+01  6.9726E+00  8.8109E+00 -1.8383E+00  8.3506E-02
  1.8000E+01  4.7100E+01  8.1525E+00  1.3771E+01 -5.6186E+00 -7.5792E-01
  1.8000E+01  4.7100E+01  1.2120E+01  1.6485E+01 -4.3649E+00 -1.6790E-01
  1.8000E+01  4.7100E+01  1.2662E+01  1.7890E+01 -5.2276E+00 -4.0833E-01
  1.8000E+01  4.7100E+01  1.2470E+01  1.8533E+01 -6.0633E+00 -7.2224E-01
  1.8000E+01  4.7100E+01  9.3747E+00  1.8736E+01 -9.3612E+00 -2.0012E+00
  1.8000E+01  4.7100E+01  1.8400E+01  1.8684E+01 -2.8441E-01  1.3290E+00
  1.8000E+01  4.7100E+01  1.4095E+01  1.8488E+01 -4.3931E+00 -2.8357E-01
  1.8000E+01  4.7100E+01  1.3996E+01  1.8211E+01 -4.2148E+00 -2.9816E-01
  1.8000E+01  4.7100E+01  1.6603E+01  1.7890E+01 -1.2865E+00  6.9402E-01
  1.8000E+01  4.7100E+01  1.4755E+01  1.7546E+01 -2.7910E+00  5.8770E-02
  1.8000E+01  4.7100E+01  1.6253E+01  1.7193E+01 -9.3989E-01  6.4446E-01
  1.8000E+01  4.7100E+01  1.2588E+01  1.5790E+01 -3.2023E+00 -4.4889E-01
  1.8000E+01  4.7100E+01  1.2801E+01  1.2170E+01  6.3121E-01  2.3843E-01
  1.8000E+01  4.7100E+01  1.2319E+01  9.3770E+00  2.9420E+00  6.0044E-01
  1.8000E+01  4.7100E+01  1.1550E+01  7.2250E+00  4.3250E+00  8.0571E-01
  1.8000E+01  4.7100E+01  8.9685E+00  5.5670E+00  3.4015E+00  4.6171E-01
  1.8000E+01  4.7100E+01  6.7483E+00  4.2894E+00  2.4589E+00  1.8817E-01
  1.9000E+01  5.4600E+01  0.0000E+00  0.0000E+00  0.0000E+00  0.0000E+00
  1.9000E+01  5.4600E+01 -3.2296E-01  0.0000E+00 -3.2296E-01 -7.7881E-02
  1.9000E+01  5.4600E+01  1.4465E+01  8.8462E+00  5.6188E+00 -1.0196E-01
  1.9000E+01  5.4600E+01  2.6456E+01  1.3799E+01  1.2657E+01  1.0902E+00
  1.9000E+01  5.4600E+01  2.9819E+01  1.6482E+01  1.3337E+01  7.9866E-01
  1.9000E+01  5.4600E+01  2.8395E+01  1.7843E+01  1.0552E+01 -4.6174E-01
  1.9000E+01  5.4600E+01  3.1180E+01  1.8437E+01  1.2743E+01  2.7620E-01
  1.9000E+01  5.4600E+01  3.4463E+01  1.8587E+01  1.5876E+01  1.5006E+00
  1.9000E+01  5.4600E+01  3.2464E+01  1.8483E+01  1.3981E+01  9.1564E-01
  1.9000E+01  5.4600E+01  3.0248E+01  1.8235E+01  1.2013E+01  3.4070E-01
  1.9000E+01  5.4600E+01  3.1240E+01  1.7907E+01  1.3333E+01  9.9641E-01
  1.9000E+01  5.4600E+01  2.9189E+01  1.7538E+01  1.1651E+01  5.5599E-01
  1.9000E+01  5.4600E+01  3.3009E+01  1.7148E+01  1.5861E+01  2.2432E+00
  1.9000E+01  5.4600E+01  2.4518E+01  1.6751E+01  7.7674E+00 -4.8581E-01
  1.9000E+01  5.4600E+01  2.1881E+01  1.5192E+01  6.6887E+00 -2.1198E-01
  1.9000E+01  5.4600E+01  1.3470E+01  1.1274E+01  2.1958E+00 -3.3948E-01
  1.9000E+01  5.4600E+01  8.9478E+00  8.3643E+00  5.8347E-01 -9.2631E-02
  1.9000E+01  5.4600E+01  5.9032E+00  6.2055E+00 -3.0228E-01  4.0353E-02
  1.9000E+01  5.4600E+01  5.0676E+00  4.6038E+00  4.6377E-01  4.2875E-01
  1.9000E+01  5.4600E+01  3.2325E+00  3.4156E+00 -1.8308E-01  3.3031E-01
  2.0000E+01  5.0700E+01  0.0000E+00  0.0000E+00  0.0000E+00  0.0000E+00
  2.0000E+01  5.0700E+01  5.0709E-02  0.0000E+00  5.0709E-02  1.2228E-02
  2.0000E+01  5.0700E+01  5.1043E+00  1.0022E+01 -4.9179E+00 -1.1358E+00
  2.0000E+01  5.0700E+01  1.1996E+01  1.5086E+01 -3.0896E+00 -4.6456E-01
  2.0000E+01  5.0700E+01  1.5094E+01  1.7535E+01 -2.4411E+00 -1.4977E-01
  2.0000E+01  5.0700E+01  1.5925E+01  1.8609E+01 -2.6841E+00 -1.8807E-01
  2.0000E+01  5.0700E+01  2.0068E+01  1.8962E+01  1.1063E+00  1.2622E+00
  2.0000E+01  5.0700E+01  1.3769E+01  1.8938E+01 -5.1690E+00 -1.0908E+00
  2.0000E+01  5.0700E+01  1.3709E+01  1.8721E+01 -5.0116E+00 -1.0263E+00
  2.0000E+01  5.0700E+01  1.6929E+01  1.8405E+01 -1.4764E+00  2.9038E-01
  2.0000E+01  5.0700E+01  1.6226E+01  1.8043E+01 -1.8172E+00  1.5483E-01
  2.0000E+01  5.0700E+01  1.3739E+01  1.7661E+01 -3.9218E+00 -6.2237E-01
  2.0000E+01  5.0700E+01  1.8221E+01  1.7272E+01  9.4907E-01  1.1317E+00
  2.0000E+01  5.0700E+01  1.3661E+01  1.6884E+01 -3.2230E+00 -3.7934E-01
  2.0000E+01  5.0700E+01  1.5054E+01  1.5394E+01 -3.3980E-01  5.8670E-01
  2.0000E+01  5.0700E+01  9.1650E+00  1.1648E+01 -2.4825E+00 -2.4072E-01
  2.0000E+01  5.0700E+01  4.2707E+00  8.8125E+00 -4.5418E+00 -9.1328E-01
  2.0000E+01  5.0700E+01  2.5677E+00  6.6675E+00 -4.0998E+00 -8.1901E-01
  2.0000E+01  5.0700E+01  1.6778E+00  5.0446E+00 -3.3668E+00 -6.5256E-01
  2.0000E+01  5.0700E+01  9.3494E-01  3.8168E+00 -2.8818E+00 -5.5628E-01
  2.1000E+01  5.8200E+01  0.0000E+00  0.0000E+00  0.0000E+00  0.0000E+00
  2.1000E+01  5.8200E+01 -6.3680E-01  0.0000E+00 -6.3680E-01 -1.5356E-01
  2.1000E+01  5.8200E+01  6.3595E+00  8.8609E+00 -2.5014E+00 -6.6585E-01
  2.1000E+01  5.8200E+01  1.5855E+01  1.3809E+01  2.0459E+00  7.7976E-01
  2.1000E+01  5.8200E+01  1.5698E+01  1.6476E+01 -7.7839E-01 -1.3661E-01
  2.1000E+01  5.8200E+01  1.5805E+01  1.7816E+01 -2.0115E+00 -5.8316E-01
  2.1000E+01  5.8200E+01  1.6053E+01  1.8387E+01 -2.3336E+00 -7.1177E-01
  2.1000E+01  5.8200E+01  1.6503E+01  1.8512E+01 -2.0092E+00 -5.9814E-01
  2.1000E+01  5.8200E+01  2.0913E+01  1.8383E+01  2.5295E+00  1.0817E+00
  2.1000E+01  5.8200E+01  1.9193E+01  1.8111E+01  1.0817E+00  5.3321E-01
  2.1000E+01  5.8200E+01  1.8181E+01  1.7760E+01  4.2060E-01  2.7898E-01
  2.1000E+01  5.8200E+01  1.5875E+01  1.7369E+01 -1.4935E+00 -4.2413E-01
  2.1000E+01  5.8200E+01  1.8073E+01  1.6958E+01  1.1154E+00  5.0614E-01
  2.1000E+01  5.8200E+01  1.6874E+01  1.6540E+01  3.3382E-01  2.1645E-01
  2.1000E+01  5.8200E+01  1.3723E+01  1.4912E+01 -1.1891E+00 -3.3558E-01
  2.1000E+01  5.8200E+01  7.5339E+00  1.0869E+01 -3.3350E+00 -1.0095E+00
  2.1000E+01  5.8200E+01  9.5438E+00  7.9197E+00  1.6241E+00  4.4935E-01
  2.1000E+01  5.8200E+01  6.1862E+00  5.7708E+00  4.1543E-01  8.8306E-02
  2.1000E+01  5.8200E+01  4.8479E+00  4.2049E+00  6.4298E-01  1.4118E-01
  2.1000E+01  5.8200E+01  3.7991E+00  3.0639E+00  7.3515E-01  1.6146E-01
  2.2000E+01  5.2600E+01  0.0000E+00  0.0000E+00  0.0000E+00  0.0000E+00
  2.2000E+01  5.2600E+01 -3.6637E-01  0.0000E+00 -3.6637E-01 -8.8349E-02
  2.2000E+01  5.2600E+01  1.0344E+01  1.0032E+01  3.1190E-01 -7.3632E-02
  2.2000E+01  5.2600E+01  1.6229E+01  1.5093E+01  1.1363E+00  1.0895E-01
  2.2000E+01  5.2600E+01  1.7370E+01  1.7533E+01 -1.6302E-01 -3.8213E-01
  2.2000E+01  5.2600E+01  1.8243E+01  1.8595E+01 -3.5186E-01 -4.5792E-01
  2.2000E+01  5.2600E+01  2.4027E+01  1.8934E+01  5.0930E+00  1.6095E+00
  2.2000E+01  5.2600E+01  2.1692E+01  1.8897E+01  2.7953E+00  7.7849E-01
  2.2000E+01  5.2600E+01  1.8074E+01  1.8666E+01 -5.9162E-01 -4.5591E-01
  2.2000E+01  5.2600E+01  1.9617E+01  1.8337E+01  1.2797E+00  2.7903E-01
  2.2000E+01  5.2600E+01  1.7450E+01  1.7962E+01 -5.1247E-01 -3.4563E-01
  2.2000E+01  5.2600E+01  1.4898E+01  1.7568E+01 -2.6699E+00 -1.0916E+00
  2.2000E+01  5.2600E+01  2.0362E+01  1.7168E+01  3.1945E+00  1.0628E+00
  2.2000E+01  5.2600E+01  1.4467E+01  1.6769E+01 -2.3017E+00 -8.7385E-01
  2.2000E+01  5.2600E+01  1.4981E+01  1.5240E+01 -2.5897E-01 -3.4724E-02
  2.2000E+01  5.2600E+01  8.8459E+00  1.1421E+01 -2.5754E+00 -5.6372E-01
  2.2000E+01  5.2600E+01  7.6807E+00  8.5590E+00 -8.7829E-01  4.3838E-02
  2.2000E+01  5.2600E+01  2.8642E+00  6.4140E+00 -3.5498E+00 -6.7289E-01
  2.2000E+01  5.2600E+01  1.9533E+00  4.8066E+00 -2.8533E+00 -4.7182E-01
  2.2000E+01  5.2600E+01  1.8236E+00  3.6020E+00 -1.7784E+00 -2.0327E-01
  2.3000E+01  4.8800E+01  0.0000E+00  0.0000E+00  0.0000E+00  0.0000E+00
  2.3000E+01  4.8800E+01  1.8423E+00  0.0000E+00  1.8423E+00  4.4426E-01
  2.3000E+01  4.8800E+01  1.1117E+01  8.8195E+00  2.2975E+00  3.7242E-01
  2.3000E+01  4.8800E+01  1.9169E+01  1.3778E+01  5.3906E+00  1.2444E+00
  2.3000E+01  4.8800E+01  1.7697E+01  1.6485E+01  1.2117E+00 -2.3889E-01
  2.3000E+01  4.8800E+01  2.1983E+01  1.7880E+01  4.1028E+00  7.5867E-01
  2.3000E+01  4.8800E+01  2.2164E+01  1.8513E+01  3.6515E+00  5.9189E-01
  2.3000E+01  4.8800E+01  1.7968E+01  1.8703E+01 -7.3515E-01 -1.0364E+00
  2.3000E+01  4.8800E+01  2.1914E+01  1.8640E+01  3.2744E+00  4.8191E-01
  2.3000E+01  4.8800E+01  2.2512E+01  1.8431E+01  4.0806E+00  8.0510E-01
  2.3000E+01  4.8800E+01  2.0095E+01  1.8142E+01  1.9526E+00  4.3014E-02
  2.3000E+01  4.8800E+01  1.9219E+01  1.7810E+01  1.4090E+00 -1.2624E-01
  2.3000E+01  4.8800E+01  1.8926E+01  1.7456E+01  1.4703E+00 -7.2940E-02
  2.3000E+01  4.8800E+01  1.6634E+01  1.7092E+01 -4.5828E-01 -7.3536E-01
  2.3000E+01  4.8800E+01  1.5448E+01  1.5653E+01 -2.0512E-01 -5.1489E-01
  2.3000E+01  4.8800E+01  1.0097E+01  1.1961E+01 -1.8636E+00 -7.7329E-01
  2.3000E+01  4.8800E+01  1.0283E+01  9.1367E+00  1.1463E+00  2.8722E-01
  2.3000E+01  4.8800E+01  7.5491E+00  6.9795E+00  5.6963E-01  1.8295E-01
  2.3000E+01  4.8800E+01  7.1956E+00  5.3316E+00  1.8640E+00  5.6259E-01
  2.3000E+01  4.8800E+01  5.4852E+00  4.0728E+00  1.4124E+00  4.4721E-01
  2.4000E+01  5.0600E+01  0.0000E+00  0.0000E+00  0.0000E+00  0.0000E+00
  2.4000E+01  5.0600E+01 -6.2445E-01  0.0000E+00 -6.2445E-01 -1.5058E-01
  2.4000E+01  5.0600E+01  1.3398E+01  1.0022E+01  3.3763E+00 -2.5578E-02
  2.4000E+01  5.0600E+01  2.0635E+01  1.5085E+01  5.5497E+00  1.2788E-01
  2.4000E+01  5.0600E+01  2.4592E+01  1.7535E+01  7.0568E+00  4.2576E-01
  2.4000E+01  5.0600E+01  2.9019E+01  1.8610E+01  1.0409E+01  1.6265E+00
  2.4000E+01  5.0600E+01  2.7174E+01  1.8963E+01  8.2109E+00  8.6210E-01
  2.4000E+01  5.0600E+01  2.4045E+01  1.8940E+01  5.1048E+00 -2.0796E-01
  2.4000E+01  5.0600E+01  2.5106E+01  1.8723E+01  6.3826E+00  3.9504E-01
  2.4000E+01  5.0600E+01  2.6261E+01  1.8409E+01  7.8520E+00  1.0703E+00
  2.4000E+01  5.0600E+01  2.1333E+01  1.8047E+01  3.2855E+00 -4.8703E-01
  2.4000E+01  5.0600E+01  2.4573E+01  1.7666E+01  6.9074E+00  9.6857E-01
  2.4000E+01  5.0600E+01  1.6318E+01  1.7277E+01 -9.5943E-01 -1.7537E+00
  2.4000E+01  5.0600E+01  2.2964E+01  1.6890E+01  6.0739E+00  8.9661E-01
  2.4000E+01  5.0600E+01  1.4390E+01  1.5402E+01 -1.0119E+00 -1.1537E+00
  2.4000E+01  5.0600E+01  8.9000E+00  1.1660E+01 -2.7596E+00 -7.9476E-01
  2.4000E+01  5.0600E+01  4.1904E+00  8.8261E+00 -4.6357E+00 -8.8023E-01
  2.4000E+01  5.0600E+01  2.2517E+00  6.6811E+00 -4.4294E+00 -5.9110E-01
  2.4000E+01  5.0600E+01  8.9925E-01  5.0575E+00 -4.1582E+00 -4.3223E-01
  2.4000E+01  5.0600E+01 -7.6163E-01  3.8284E+00 -4.5900E+00 -5.3728E-01
  2.5000E+01  5.0300E+01  0.0000E+00  0.0000E+00  0.0000E+00  0.0000E+00
  2.5000E+01  5.0300E+01 -2.7706E-01  0.0000E+00 -2.7706E-01 -6.6812E-02
  2.5000E+01  5.0300E+01  1.4937E+01  8.8268E+00  6.1102E+00  4.2030E-01
  2.5000E+01  5.0300E+01  2.2370E+01  1.3784E+01  8.5856E+00  4.3096E-01
  2.5000E+01  5.0300E+01  2.7784E+01  1.6485E+01  1.1299E+01  9.5541E-01
  2.5000E+01  5.0300E+01  3.3748E+01  1.7871E+01  1.5877E+01  2.4693E+00
  2.5000E+01  5.0300E+01  3.0535E+01  1.8494E+01  1.2041E+01  1.0619E+00
  2.5000E+01  5.0300E+01  2.8792E+01  1.8674E+01  1.0118E+01  4.1941E-01
  2.5000E+01  5.0300E+01  2.7233E+01  1.8600E+01  8.6334E+00 -1.1987E-02
  2.5000E+01  5.0300E+01  2.7830E+01  1.8381E+01  9.4490E+00  4.4116E-01
  2.5000E+01  5.0300E+01  2.9673E+01  1.8082E+01  1.1591E+01  1.3891E+00
  2.5000E+01  5.0300E+01  2.3075E+01  1.7740E+01  5.3354E+00 -7.4213E-01
  2.5000E+01  5.0300E+01  2.5532E+01  1.7376E+01  8.1560E+00  4.4852E-01
  2.5000E+01  5.0300E+01  1.8616E+01  1.7004E+01  1.6123E+00 -1.7410E+00
  2.5000E+01  5.0300E+01  1.8537E+01  1.5533E+01  3.0042E+00 -6.3091E-01
  2.5000E+01  5.0300E+01  1.1197E+01  1.1779E+01 -5.8201E-01 -5.8051E-01
  2.5000E+01  5.0300E+01  6.9259E+00  8.9300E+00 -2.0041E+00 -3.5420E-01
  2.5000E+01  5.0300E+01  4.4351E+00  6.7701E+00 -2.3350E+00 -1.2016E-01
  2.5000E+01  5.0300E+01  5.6404E-01  5.1326E+00 -4.5685E+00 -5.7656E-01
  2.5000E+01  5.0300E+01  1.3267E+00  3.8911E+00 -2.5644E+00  7.8844E-05
  2.6000E+01  6.0100E+01  0.0000E+00  0.0000E+00  0.0000E+00  0.0000E+00
  2.6000E+01  6.0100E+01  1.5077E+00  0.0000E+00  1.5077E+00  3.6358E-01
  2.6000E+01  6.0100E+01  1.4251E+01  1.0067E+01  4.1844E+00  6.6219E-01
  2.6000E+01  6.0100E+01  1.8683E+01  1.5114E+01  3.5690E+00  2.2323E-01
  2.6000E+01  6.0100E+01  2.1009E+01  1.7517E+01  3.4916E+00  8.5790E-02
  2.6000E+01  6.0100E+01  2.0798E+01  1.8531E+01  2.2667E+00 -3.7598E-01
  2.6000E+01  6.0100E+01  2.4266E+01  1.8818E+01  5.4478E+00  8.6620E-01
  2.6000E+01  6.0100E+01  2.2509E+01  1.8728E+01  3.7814E+00  3.2282E-01
  2.6000E+01  6.0100E+01  2.5867E+01  1.8444E+01  7.4227E+00  1.7690E+00
  2.6000E+01  6.0100E+01  1.6664E+01  1.8065E+01 -1.4014E+00 -1.4009E+00
  2.6000E+01  6.0100E+01  1.6596E+01  1.7642E+01 -1.0462E+00 -1.1604E+00
  2.6000E+01  6.0100E+01  2.1713E+01  1.7202E+01  4.5114E+00  9.4660E-01
  2.6000E+01  6.0100E+01  1.7280E+01  1.6758E+01  5.2247E-01 -3.9684E-01
  2.6000E+01  6.0100E+01  1.8856E+01  1.6317E+01  2.5386E+00  3.9982E-01
  2.6000E+01  6.0100E+01  1.4259E+01  1.4646E+01 -3.8682E-01 -3.2488E-01
  2.6000E+01  6.0100E+01  8.3436E+00  1.0572E+01 -2.2282E+00 -3.7089E-01
  2.6000E+01  6.0100E+01  2.7162E+00  7.6307E+00 -4.9145E+00 -9.0577E-01
  2.6000E+01  6.0100E+01 -2.2647E-01  5.5078E+00 -5.7342E+00 -1.0248E+00
  2.6000E+01  6.0100E+01  9.1058E-01  3.9755E+00 -3.0649E+00 -3.0430E-01
  2.6000E+01  6.0100E+01 -7.6718E-01  2.8695E+00 -3.6366E+00 -4.8664E-01
  2.7000E+01  5.7200E+01  0.0000E+00  0.0000E+00  0.0000E+00  0.0000E+00
  2.7000E+01  5.7200E+01 -6.5115E-01  0.0000E+00 -6.5115E-01 -1.5702E-01
  2.7000E+01  5.7200E+01  3.3680E+00  1.0054E+01 -6.6861E+00 -1.1898E+00
  2.7000E+01  5.7200E+01  6.4658E+00  1.5107E+01 -8.6411E+00 -1.5496E+00
  2.7000E+01  5.7200E+01  1.3054E+01  1.7525E+01 -4.4707E+00  6.8433E-02
  2.7000E+01  5.7200E+01  1.4153E+01  1.8557E+01 -4.4041E+00  1.6123E-01
  2.7000E+01  5.7200E+01  1.4996E+01  1.8864E+01 -3.8681E+00  3.4946E-01
  2.7000E+01  5.7200E+01  1.1168E+01  1.8794E+01 -7.6259E+00 -1.1161E+00
  2.7000E+01  5.7200E+01  1.4822E+01  1.8531E+01 -3.7086E+00  2.7630E-01
  2.7000E+01  5.7200E+01  1.0910E+01  1.8171E+01 -7.2610E+00 -1.1206E+00
  2.7000E+01  5.7200E+01  1.3886E+01  1.7766E+01 -3.8802E+00  4.2538E-02
  2.7000E+01  5.7200E+01  1.3911E+01  1.7343E+01 -3.4320E+00  1.2131E-01
  2.7000E+01  5.7200E+01  1.5853E+01  1.6916E+01 -1.0626E+00  8.8698E-01
  2.7000E+01  5.7200E+01  1.0218E+01  1.6491E+01 -6.2730E+00 -1.0413E+00
  2.7000E+01  5.7200E+01  1.5392E+01  1.4873E+01  5.1895E-01  1.0378E+00
  2.7000E+01  5.7200E+01  9.4992E+00  1.0892E+01 -1.3930E+00 -1.5665E-01
  2.7000E+01  5.7200E+01  8.5407E+00  7.9764E+00  5.6428E-01  1.4649E-01
  2.7000E+01  5.7200E+01  7.5509E+00  5.8412E+00  1.7097E+00  3.1869E-01
  2.7000E+01  5.7200E+01  2.4598E+00  4.2775E+00 -1.8177E+00 -6.7722E-01
  2.7000E+01  5.7200E+01  2.6450E+00  3.1324E+00 -4.8745E-01 -3.3527E-01
  2.8000E+01  4.8100E+01  0.0000E+00  0.0000E+00  0.0000E+00  0.0000E+00
  2.8000E+01  4.8100E+01  1.4284E+00  0.0000E+00  1.4284E+00  3.4445E-01
  2.8000E+01  4.8100E+01  9.3231E+00  8.8160E+00  5.0710E-01  5.8270E-02
  2.8000E+01  4.8100E+01  1.6756E+01  1.3775E+01  2.9805E+00  8.1511E-01
  2.8000E+01  4.8100E+01  1.3775E+01  1.6485E+01 -2.7102E+00 -1.1650E+00
  2.8000E+01  4.8100E+01  1.6927E+01  1.7884E+01 -9.5721E-01 -5.9553E-01
  2.8000E+01  4.8100E+01  1.9989E+01  1.8521E+01  1.4678E+00  2.7885E-01
  2.8000E+01  4.8100E+01  2.1599E+01  1.8717E+01  2.8823E+00  7.9934E-01
  2.8000E+01  4.8100E+01  1.8851E+01  1.8658E+01  1.9288E-01 -2.1288E-01
  2.8000E+01  4.8100E+01  2.1585E+01  1.8455E+01  3.1302E+00  8.7607E-01
  2.8000E+01  4.8100E+01  2.0916E+01  1.8171E+01  2.7454E+00  7.2484E-01
  2.8000E+01  4.8100E+01  1.9287E+01  1.7843E+01  1.4443E+00  2.4043E-01
  2.8000E+01  4.8100E+01  1.7002E+01  1.7493E+01 -4.9090E-01 -4.6516E-01
  2.8000E+01  4.8100E+01  1.4303E+01  1.7134E+01 -2.8307E+00 -1.3027E+00
  2.8000E+01  4.8100E+01  1.7097E+01  1.5709E+01  1.3875E+00  2.0530E-01
  2.8000E+01  4.8100E+01  1.3476E+01  1.2046E+01  1.4297E+00  2.1259E-01
  2.8000E+01  4.8100E+01  1.2928E+01  9.2348E+00  3.6932E+00  8.8545E-01
  2.8000E+01  4.8100E+01  8.7864E+00  7.0795E+00  1.7069E+00  3.0913E-01
  2.8000E+01  4.8100E+01  5.1249E+00  5.4272E+00 -3.0234E-01 -2.2172E-01
  2.8000E+01  4.8100E+01  5.3580E+00  4.1606E+00  1.1974E+00  1.9795E-01
  2.9000E+01  5.2900E+01  0.0000E+00  0.0000E+00  0.0000E+00  0.0000E+00
  2.9000E+01  5.2900E+01  4.5896E-01  0.0000E+00  4.5896E-01  1.1068E-01
  2.9000E+01  5.2900E+01  1.3233E+01  1.0034E+01  3.1994E+00 -1.6837E-01
  2.9000E+01  5.2900E+01  2.0211E+01  1.5094E+01  5.1173E+00 -1.6849E-01
  2.9000E+01  5.2900E+01  2.7355E+01  1.7533E+01  9.8224E+00  1.2470E+00
  2.9000E+01  5.2900E+01  2.7990E+01  1.8593E+01  9.3975E+00  1.0652E+00
  2.9000E+01  5.2900E+01  3.0221E+01  1.8930E+01  1.1291E+01  1.8428E+00
  2.9000E+01  5.2900E+01  2.8341E+01  1.8890E+01  9.4509E+00  1.2627E+00
  2.9000E+01  5.2900E+01  2.7167E+01  1.8657E+01  8.5101E+00  1.0421E+00
  2.9000E+01  5.2900E+01  1.9954E+01  1.8327E+01  1.6275E+00 -1.3709E+00
  2.9000E+01  5.2900E+01  1.9986E+01  1.7950E+01  2.0363E+00 -1.0593E+00
  2.9000E+01  5.2900E+01  2.2995E+01  1.7553E+01  5.4418E+00  3.3398E-01
  2.9000E+01  5.2900E+01  1.9826E+01  1.7151E+01  2.6750E+00 -5.2544E-01
  2.9000E+01  5.2900E+01  2.0826E+01  1.6750E+01  4.0755E+00  1.1119E-01
  2.9000E+01  5.2900E+01  1.5063E+01  1.5216E+01 -1.5280E-01 -8.8071E-01
  2.9000E+01  5.2900E+01  7.3069E+00  1.1386E+01 -4.0791E+00 -1.1561E+00
  2.9000E+01  5.2900E+01  5.1684E+00  8.5197E+00 -3.3513E+00 -4.4188E-01
  2.9000E+01  5.2900E+01  8.8218E-01  6.3749E+00 -5.4927E+00 -8.2226E-01
  2.9000E+01  5.2900E+01  2.9423E+00  4.7701E+00 -1.8278E+00  2.3698E-01
  2.9000E+01  5.2900E+01 -2.7838E+00  3.5693E+00 -6.3531E+00 -9.5648E-01
  3.0000E+01  4.0500E+01  0.0000E+00  0.0000E+00  0.0000E+00  0.0000E+00
  3.0000E+01  4.0500E+01 -9.0287E-01  0.0000E+00 -9.0287E-01 -2.1772E-01
  3.0000E+01  4.0500E+01  1.7451E+01  8.7729E+00  8.6781E+00  1.4967E+00
  3.0000E+01  4.0500E+01  2.4578E+01  1.3736E+01  1.0842E+01  1.7301E+00
  3.0000E+01  4.0500E+01  2.4207E+01  1.6475E+01  7.7317E+00  3.7795E-01
  3.0000E+01  4.0500E+01  2.2163E+01  1.7918E+01  4.2450E+00 -1.0782E+00
  3.0000E+01  4.0500E+01  2.4877E+01  1.8606E+01  6.2710E+00 -4.2410E-01
  3.0000E+01  4.0500E+01  2.6577E+01  1.8856E+01  7.7214E+00  1.0881E-01
  3.0000E+01  4.0500E+01  2.7905E+01  1.8852E+01  9.0530E+00  6.4193E-01
  3.0000E+01  4.0500E+01  2.4001E+01  1.8703E+01  5.2979E+00 -7.0927E-01
  3.0000E+01  4.0500E+01  2.6700E+01  1.8472E+01  8.2279E+00  4.5286E-01
  3.0000E+01  4.0500E+01  2.7140E+01  1.8196E+01  8.9442E+00  7.8811E-01
  3.0000E+01  4.0500E+01  2.9381E+01  1.7896E+01  1.1485E+01  1.7895E+00
  3.0000E+01  4.0500E+01  2.6894E+01  1.7584E+01  9.3099E+00  1.0600E+00
  3.0000E+01  4.0500E+01  1.8749E+01  1.6331E+01  2.4178E+00 -1.1153E+00
  3.0000E+01  4.0500E+01  1.8435E+01  1.3018E+01  5.4169E+00  5.8310E-01
  3.0000E+01  4.0500E+01  1.5779E+01  1.0375E+01  5.4045E+00  9.6428E-01
  3.0000E+01  4.0500E+01  8.8467E+00  8.2678E+00  5.7892E-01 -1.9158E-01
  3.0000E+01  4.0500E+01  6.6639E+00  6.5888E+00  7.5057E-02 -1.3994E-01
  3.0000E+01  4.0500E+01  8.8855E+00  5.2508E+00  3.6347E+00  9.3938E-01
  3.1000E+01  4.0100E+01  0.0000E+00  0.0000E+00  0.0000E+00  0.0000E+00
  3.1000E+01  4.0100E+01 -1.7821E+00  0.0000E+00 -1.7821E+00 -4.2975E-01
  3.1000E+01  4.0100E+01  1.8485E+01  9.9563E+00  8.5287E+00  5.4765E-01
  3.1000E+01  4.0100E+01  3.3277E+01  1.5030E+01  1.8247E+01  2.7576E+00
  3.1000E+01  4.0100E+01  3.6978E+01  1.7529E+01  1.9449E+01  2.8320E+00
  3.1000E+01  4.0100E+01  3.7037E+01  1.8671E+01  1.8366E+01  2.3353E+00
  3.1000E+01  4.0100E+01  3.6272E+01  1.9099E+01  1.7173E+01  1.9317E+00
  3.1000E+01  4.0100E+01  3.4936E+01  1.9153E+01  1.5783E+01  1.5319E+00
  3.1000E+01  4.0100E+01  3.0204E+01  1.9014E+01  1.1190E+01 -3.2087E-02
  3.1000E+01  4.0100E+01  2.9828E+01  1.8775E+01  1.1053E+01  1.1198E-01
  3.1000E+01  4.0100E+01  2.7691E+01  1.8487E+01  9.2042E+00 -3.7435E-01
  3.1000E+01  4.0100E+01  2.5313E+01  1.8175E+01  7.1377E+00 -9.3226E-01
  3.1000E+01  4.0100E+01  2.3014E+01  1.7855E+01  5.1594E+00 -1.4511E+00
  3.1000E+01  4.0100E+01  2.1266E+01  1.7532E+01  3.7340E+00 -1.7647E+00
  3.1000E+01  4.0100E+01  2.0363E+01  1.6274E+01  4.0886E+00 -8.9505E-01
  3.1000E+01  4.0100E+01  1.1131E+01  1.2997E+01 -1.8659E+00 -1.3018E+00
  3.1000E+01  4.0100E+01  6.9905E+00  1.0379E+01 -3.3884E+00 -8.1542E-01
  3.1000E+01  4.0100E+01  3.9159E+00  8.2883E+00 -4.3724E+00 -5.5510E-01
  3.1000E+01  4.0100E+01  1.6638E+00  6.6188E+00 -4.9550E+00 -4.2040E-01
  3.1000E+01  4.0100E+01  1.7494E+00  5.2856E+00 -3.5362E+00  1.0283E-01
  3.2000E+01  5.2600E+01  0.0000E+00  0.0000E+00  0.0000E+00  0.0000E+00
  3.2000E+01  5.2600E+01  1.0018E+00  0.0000E+00  1.0018E+00  2.4158E-01
  3.2000E+01  5.2600E+01  8.0357E+00  8.8375E+00 -8.0178E-01  1.0583E-01
  3.2000E+01  5.2600E+01  1.2708E+01  1.3793E+01 -1.0847E+00  2.4478E-01
  3.2000E+01  5.2600E+01  1.0325E+01  1.6484E+01 -6.1589E+00 -1.3958E+00
  3.2000E+01  5.2600E+01  1.4064E+01  1.7857E+01 -3.7927E+00 -5.2414E-01
  3.2000E+01  5.2600E+01  1.5101E+01  1.8464E+01 -3.3627E+00 -3.5180E-01
  3.2000E+01  5.2600E+01  1.3224E+01  1.8628E+01 -5.4038E+00 -1.1170E+00
  3.2000E+01  5.2600E+01  1.9117E+01  1.8538E+01  5.7942E-01  1.0989E+00
  3.2000E+01  5.2600E+01  2.0069E+01  1.8303E+01  1.7659E+00  1.5099E+00
  3.2000E+01  5.2600E+01  1.5564E+01  1.7989E+01 -2.4246E+00 -6.8110E-02
  3.2000E+01  5.2600E+01  1.6481E+01  1.7632E+01 -1.1507E+00  3.6892E-01
  3.2000E+01  5.2600E+01  1.0801E+01  1.7254E+01 -6.4529E+00 -1.5745E+00
  3.2000E+01  5.2600E+01  1.3857E+01  1.6868E+01 -3.0111E+00 -3.5760E-01
  3.2000E+01  5.2600E+01  1.6993E+01  1.5350E+01  1.6431E+00  1.1527E+00
  3.2000E+01  5.2600E+01  8.5125E+00  1.1506E+01 -2.9937E+00 -6.0912E-01
  3.2000E+01  5.2600E+01  6.1176E+00  8.6226E+00 -2.5050E+00 -5.5527E-01
  3.2000E+01  5.2600E+01  4.8748E+00  6.4617E+00 -1.5869E+00 -3.5361E-01
  3.2000E+01  5.2600E+01  4.6135E+00  4.8423E+00 -2.2881E-01 -2.7051E-02
  3.2000E+01  5.2600E+01  3.4718E+00  3.6288E+00 -1.5697E-01 -3.5582E-02
  3.3000E+01  5.1100E+01  0.0000E+00  0.0000E+00  0.0000E+00  0.0000E+00
  3.3000E+01  5.1100E+01 -9.3861E-01  0.0000E+00 -9.3861E-01 -2.2634E-01
  3.3000E+01  5.1100E+01  1.8521E+00  1.0024E+01 -8.1722E+00 -1.0019E+00
  3.3000E+01  5.1100E+01  6.3132E+00  1.5087E+01 -8.7740E+00 -5.0325E-01
  3.3000E+01  5.1100E+01  7.0153E+00  1.7535E+01 -1.0519E+01 -7.5656E-01
  3.3000E+01  5.1100E+01  8.8027E+00  1.8606E+01 -9.8035E+00 -3.5682E-01
  3.3000E+01  5.1100E+01  8.9689E+00  1.8956E+01 -9.9870E+00 -4.1444E-01
  3.3000E+01  5.1100E+01  8.7293E+00  1.8929E+01 -1.0200E+01 -5.5298E-01
  3.3000E+01  5.1100E+01  1.1263E+01  1.8709E+01 -7.4460E+00  3.8656E-01
  3.3000E+01  5.1100E+01  8.1273E+00  1.8391E+01 -1.0264E+01 -7.7357E-01
  3.3000E+01  5.1100E+01  1.1378E+01  1.8026E+01 -6.6483E+00  4.4757E-01
  3.3000E+01  5.1100E+01  8.3773E+00  1.7641E+01 -9.2639E+00 -6.2631E-01
  3.3000E+01  5.1100E+01  9.0420E+00  1.7250E+01 -8.2079E+00 -3.5356E-01
  3.3000E+01  5.1100E+01  7.2758E+00  1.6860E+01 -9.5839E+00 -9.5182E-01
  3.3000E+01  5.1100E+01  7.8119E+00  1.5361E+01 -7.5494E+00 -6.1160E-01
  3.3000E+01  5.1100E+01  9.6615E+00  1.1600E+01 -1.9380E+00  3.8090E-01
  3.3000E+01  5.1100E+01  5.2489E+00  8.7585E+00 -3.5096E+00 -5.8424E-01
  3.3000E+01  5.1100E+01  3.4234E+00  6.6133E+00 -3.1899E+00 -7.5131E-01
  3.3000E+01  5.1100E+01  4.2412E+00  4.9935E+00 -7.5231E-01 -2.3603E-01
  3.3000E+01  5.1100E+01  3.5735E+00  3.7705E+00 -1.9696E-01 -1.7279E-01
  3.4000E+01  4.1900E+01  0.0000E+00  0.0000E+00  0.0000E+00  0.0000E+00
  3.4000E+01  4.1900E+01  1.2388E-01  0.0000E+00  1.2388E-01  2.9873E-02
  3.4000E+01  4.1900E+01  8.0261E+00  9.9690E+00 -1.9429E+00  8.2827E-02
  3.4000E+01  4.1900E+01  1.0579E+01  1.5042E+01 -4.4629E+00 -3.7048E-01
  3.4000E+01  4.1900E+01  1.0939E+01  1.7532E+01 -6.5935E+00 -9.6904E-01
  3.4000E+01  4.1900E+01  1.5004E+01  1.8663E+01 -3.6587E+00  1.7451E-01
  3.4000E+01  4.1900E+01  1.5191E+01  1.9078E+01 -3.8870E+00  1.0655E-01
  3.4000E+01  4.1900E+01  1.4960E+01  1.9119E+01 -4.1591E+00 -1.4154E-02
  3.4000E+01  4.1900E+01  1.5977E+01  1.8966E+01 -2.9891E+00  3.9150E-01
  3.4000E+01  4.1900E+01  1.3207E+01  1.8714E+01 -5.5069E+00 -5.9690E-01
  3.4000E+01  4.1900E+01  1.2856E+01  1.8413E+01 -5.5567E+00 -6.5741E-01
  3.4000E+01  4.1900E+01  1.4392E+01  1.8089E+01 -3.6967E+00 -1.4107E-02
  3.4000E+01  4.1900E+01  1.6188E+01  1.7756E+01 -1.5680E+00  7.1658E-01
  3.4000E+01  4.1900E+01  1.1270E+01  1.7422E+01 -6.1518E+00 -9.9540E-01
  3.4000E+01  4.1900E+01  1.1940E+01  1.6122E+01 -4.1824E+00 -4.4004E-01
  3.4000E+01  4.1900E+01  1.0470E+01  1.2757E+01 -2.2870E+00 -1.5985E-01
  3.4000E+01  4.1900E+01  1.0209E+01  1.0094E+01  1.1534E-01  3.3710E-01
  3.4000E+01  4.1900E+01  6.1807E+00  7.9863E+00 -1.8056E+00 -3.7940E-01
  3.4000E+01  4.1900E+01  3.8115E+00  6.3190E+00 -2.5075E+00 -6.5429E-01
  3.4000E+01  4.1900E+01  6.3227E+00  4.9997E+00  1.3230E+00  3.2832E-01
  3.5000E+01  4.8800E+01  0.0000E+00  0.0000E+00  0.0000E+00  0.0000E+00
  3.5000E+01  4.8800E+01  8.1160E-01  0.0000E+00  8.1160E-01  1.9571E-01
  3.5000E+01  4.8800E+01  1.2032E+01  1.0012E+01  2.0202E+00 -2.5300E-02
  3.5000E+01  4.8800E+01  1.8392E+01  1.5078E+01  3.3142E+00  6.1294E-02
  3.5000E+01  4.8800E+01  2.2469E+01  1.7536E+01  4.9326E+00  5.0358E-01
  3.5000E+01  4.8800E+01  2.7565E+01  1.8623E+01  8.9424E+00  1.9872E+00
  3.5000E+01  4.8800E+01  2.4711E+01  1.8989E+01  5.7225E+00  8.3729E-01
  3.5000E+01  4.8800E+01  2.2949E+01  1.8979E+01  3.9703E+00  2.5113E-01
  3.5000E+01  4.8800E+01  2.2404E+01  1.8775E+01  3.6291E+00  2.1020E-01
  3.5000E+01  4.8800E+01  2.3093E+01  1.8473E+01  4.6199E+00  6.7062E-01
  3.5000E+01  4.8800E+01  2.2574E+01  1.8124E+01  4.4503E+00  6.9543E-01
  3.5000E+01  4.8800E+01  1.5325E+01  1.7754E+01 -2.4286E+00 -1.7331E+00
  3.5000E+01  4.8800E+01  1.9093E+01  1.7376E+01  1.7165E+00 -1.2917E-01
  3.5000E+01  4.8800E+01  1.4554E+01  1.7000E+01 -2.4458E+00 -1.5353E+00
  3.5000E+01  4.8800E+01  1.4750E+01  1.5549E+01 -7.9891E-01 -6.2063E-01
  3.5000E+01  4.8800E+01  9.6497E+00  1.1878E+01 -2.2287E+00 -4.6478E-01
  3.5000E+01  4.8800E+01  2.5588E+00  9.0739E+00 -6.5151E+00 -1.4166E+00
  3.5000E+01  4.8800E+01  3.3053E+00  6.9315E+00 -3.6262E+00 -4.2194E-01
  3.5000E+01  4.8800E+01  3.1394E+00  5.2950E+00 -2.1556E+00  2.2013E-02
  3.5000E+01  4.8800E+01  1.0777E+00  4.0448E+00 -2.9671E+00 -2.0565E-01
  3.6000E+01  4.4700E+01  0.0000E+00  0.0000E+00  0.0000E+00  0.0000E+00
  3.6000E+01  4.4700E+01  2.8034E-01  0.0000E+00  2.8034E-01  6.7603E-02
  3.6000E+01  4.4700E+01  4.4857E+00  8.7979E+00 -4.3122E+00 -4.3394E-01
  3.6000E+01  4.4700E+01  5.8377E+00  1.3760E+01 -7.9219E+00 -1.1494E+00
  3.6000E+01  4.4700E+01  8.4950E+00  1.6483E+01 -7.9879E+00 -9.6630E-01
  3.6000E+01  4.4700E+01  1.2838E+01  1.7902E+01 -5.0636E+00  1.9637E-01
  3.6000E+01  4.4700E+01  9.6088E+00  1.8561E+01 -8.9525E+00 -1.2119E+00
  3.6000E+01  4.4700E+01  1.4801E+01  1.8781E+01 -3.9798E+00  6.1877E-01
  3.6000E+01  4.4700E+01  1.6512E+01  1.8747E+01 -2.2346E+00  1.2161E+00
  3.6000E+01  4.4700E+01  1.5501E+01  1.8567E+01 -3.0664E+00  8.2733E-01
  3.6000E+01  4.4700E+01  1.1642E+01  1.8307E+01 -6.6646E+00 -5.9295E-01
  3.6000E+01  4.4700E+01  1.2915E+01  1.8001E+01 -5.0864E+00 -9.3138E-02
  3.6000E+01  4.4700E+01  8.8827E+00  1.7673E+01 -8.7907E+00 -1.5276E+00
  3.6000E+01  4.4700E+01  1.2124E+01  1.7335E+01 -5.2111E+00 -3.0452E-01
  3.6000E+01  4.4700E+01  9.9651E+00  1.5986E+01 -6.0205E+00 -8.7962E-01
  3.6000E+01  4.4700E+01  1.2196E+01  1.2472E+01 -2.7558E-01  3.9412E-01
  3.6000E+01  4.4700E+01  1.0926E+01  9.7276E+00  1.1984E+00  4.3319E-01
  3.6000E+01  4.4700E+01  8.1208E+00  7.5873E+00  5.3353E-01  7.7851E-03
  3.6000E+01  4.4700E+01  7.9105E+00  5.9179E+00  1.9926E+00  2.8747E-01
  3.6000E+01  4.4700E+01  7.1146E+00  4.6158E+00  2.4988E+00  3.5688E-01
  3.7000E+01  4.2500E+01  0.0000E+00  0.0000E+00  0.0000E+00  0.0000E+00
  3.7000E+01  4.2500E+01  5.4183E-01  0.0000E+00  5.4183E-01  1.3066E-01
  3.7000E+01  4.2500E+01  8.4127E+00  8.7852E+00 -3.7248E-01  2.4069E-01
  3.7000E+01  4.2500E+01  1.3780E+01  1.3748E+01  3.2216E-02  6.2309E-01
  3.7000E+01  4.2500E+01  1.5235E+01  1.6480E+01 -1.2446E+00  3.3755E-01
  3.7000E+01  4.2500E+01  1.4094E+01  1.7911E+01 -3.8169E+00 -5.4056E-01
  3.7000E+01  4.2500E+01  1.7997E+01  1.8585E+01 -5.8840E-01  6.5503E-01
  3.7000E+01  4.2500E+01  1.7881E+01  1.8821E+01 -9.3969E-01  5.0699E-01
  3.7000E+01  4.2500E+01  1.2514E+01  1.8802E+01 -6.2884E+00 -1.5338E+00
  3.7000E+01  4.2500E+01  1.3030E+01  1.8639E+01 -5.6090E+00 -1.3167E+00
  3.7000E+01  4.2500E+01  1.7938E+01  1.8394E+01 -4.5571E-01  5.5902E-01
  3.7000E+01  4.2500E+01  1.7317E+01  1.8104E+01 -7.8654E-01  3.8637E-01
  3.7000E+01  4.2500E+01  1.5202E+01  1.7790E+01 -2.5880E+00 -3.2151E-01
  3.7000E+01  4.2500E+01  1.3130E+01  1.7466E+01 -4.3356E+00 -9.9744E-01
  3.7000E+01  4.2500E+01  1.4758E+01  1.6166E+01 -1.4080E+00 -1.0032E-01
  3.7000E+01  4.2500E+01  1.5875E+01  1.2755E+01  3.1201E+00  1.0301E+00
  3.7000E+01  4.2500E+01  1.1659E+01  1.0061E+01  1.5980E+00  3.1892E-01
  3.7000E+01  4.2500E+01  9.4002E+00  7.9361E+00  1.4641E+00  1.6411E-01
  3.7000E+01  4.2500E+01  7.8941E+00  6.2599E+00  1.6342E+00  1.5673E-01
  3.7000E+01  4.2500E+01  9.6308E+00  4.9378E+00  4.6930E+00  9.5273E-01
  3.8000E+01  4.7400E+01  0.0000E+00  0.0000E+00  0.0000E+00  0.0000E+00
  3.8000E+01  4.7400E+01 -4.0024E-01  0.0000E+00 -4.0024E-01 -9.6516E-02
  3.8000E+01  4.7400E+01  6.7693E+00  8.8124E+00 -2.0431E+00  2.5515E-01
  3.8000E+01  4.7400E+01  1.0703E+01  1.3772E+01 -3.0694E+00  4.9857E-01
  3.8000E+01  4.7400E+01  8.8319E+00  1.6485E+01 -7.6531E+00 -7.6151E-01
  3.8000E+01  4.7400E+01  8.2934E+00  1.7888E+01 -9.5946E+00 -1.3436E+00
  3.8000E+01  4.7400E+01  1.4794E+01  1.8530E+01 -3.7357E+00  8.6663E-01
  3.8000E+01  4.7400E+01  1.4877E+01  1.8730E+01 -3.8531E+00  8.2607E-01
  3.8000E+01  4.7400E+01  1.3593E+01  1.8677E+01 -5.0835E+00  3.2959E-01
  3.8000E+01  4.7400E+01  9.6101E+00  1.8478E+01 -8.8680E+00 -1.1345E+00
  3.8000E+01  4.7400E+01  1.2827E+01  1.8199E+01 -5.3717E+00  1.0137E-01
  3.8000E+01  4.7400E+01  1.2794E+01  1.7875E+01 -5.0815E+00  1.3888E-01
  3.8000E+01  4.7400E+01  6.9577E+00  1.7530E+01 -1.0572E+01 -1.9256E+00
  3.8000E+01  4.7400E+01  9.6546E+00  1.7175E+01 -7.5205E+00 -8.7838E-01
  3.8000E+01  4.7400E+01  1.0004E+01  1.5766E+01 -5.7620E+00 -4.8922E-01
  3.8000E+01  4.7400E+01  6.1189E+00  1.2133E+01 -6.0137E+00 -1.0683E+00
  3.8000E+01  4.7400E+01  8.4987E+00  9.3341E+00 -8.3537E-01  1.9064E-01
  3.8000E+01  4.7400E+01  4.8899E+00  7.1811E+00 -2.2912E+00 -4.3866E-01
  3.8000E+01  4.7400E+01  6.4896E+00  5.5247E+00  9.6494E-01  3.2696E-01
  3.8000E+01  4.7400E+01  4.6586E+00  4.2503E+00  4.0827E-01  9.3796E-02
  3.9000E+01  6.6700E+01  0.0000E+00  0.0000E+00  0.0000E+00  0.0000E+00
  3.9000E+01  6.6700E+01  1.4333E+00  0.0000E+00  1.4333E+00  3.4563E-01
  3.9000E+01  6.6700E+01  1.0420E+01  8.8908E+00  1.5292E+00 -5.5773E-01
  3.9000E+01  6.6700E+01  1.9124E+01  1.3825E+01  5.2987E+00 -3.6228E-02
  3.9000E+01  6.6700E+01  2.1561E+01  1.6455E+01  5.1058E+00 -4.7493E-01
  3.9000E+01  6.6700E+01  2.4694E+01  1.7746E+01  6.9483E+00 -2.9598E-03
  3.9000E+01  6.6700E+01  2.5208E+01  1.8260E+01  6.9475E+00 -6.8010E-02
  3.9000E+01  6.6700E+01  3.3445E+01  1.8329E+01  1.5116E+01  2.9622E+00
  3.9000E+01  6.6700E+01  2.1875E+01  1.8144E+01  3.7314E+00 -1.2065E+00
  3.9000E+01  6.6700E+01  2.4767E+01  1.7816E+01  6.9506E+00  4.5778E-02
  3.9000E+01  6.6700E+01  2.8667E+01  1.7413E+01  1.1254E+01  1.6787E+00
  3.9000E+01  6.6700E+01  3.2780E+01  1.6971E+01  1.5809E+01  3.3693E+00
  3.9000E+01  6.6700E+01  2.1074E+01  1.6512E+01  4.5618E+00 -5.6941E-01
  3.9000E+01  6.6700E+01  1.6422E+01  1.6050E+01  3.7188E-01 -1.9481E+00
  3.9000E+01  6.6700E+01  2.3942E+01  1.4269E+01  9.6725E+00  1.5278E+00
  3.9000E+01  6.6700E+01  1.5698E+01  9.9713E+00  5.7267E+00  7.7369E-01
  3.9000E+01  6.6700E+01  1.2305E+01  6.9657E+00  5.3393E+00  9.5863E-01
  3.9000E+01  6.6700E+01  6.6410E+00  4.8660E+00  1.7750E+00  1.7216E-01
  3.9000E+01  6.6700E+01  6.3535E+00  3.3993E+00  2.9542E+00  5.9504E-01
  3.9000E+01  6.6700E+01  4.5520E+00  2.3747E+00  2.1773E+00  4.5993E-01
  4.0000E+01  4.1400E+01  0.0000E+00  0.0000E+00  0.0000E+00  0.0000E+00
  4.0000E+01  4.1400E+01 -9.1684E-01  0.0000E+00 -9.1684E-01 -2.2109E-01
  4.0000E+01  4.1400E+01  1.2425E+01  8.7785E+00  3.6465E+00 -1.3681E-02
  4.0000E+01  4.1400E+01  2.1081E+01  1.3741E+01  7.3396E+00  5.0312E-01
  4.0000E+01  4.1400E+01  2.3132E+01  1.6477E+01  6.6546E+00 -9.3390E-02
  4.0000E+01  4.1400E+01  2.8249E+01  1.7915E+01  1.0334E+01  1.0564E+00
  4.0000E+01  4.1400E+01  3.1272E+01  1.8597E+01  1.2675E+01  1.8856E+00
  4.0000E+01  4.1400E+01  2.4474E+01  1.8840E+01  5.6339E+00 -7.2826E-01
  4.0000E+01  4.1400E+01  2.8331E+01  1.8830E+01  9.5012E+00  7.7873E-01
  4.0000E+01  4.1400E+01  2.7141E+01  1.8674E+01  8.4666E+00  4.6887E-01
  4.0000E+01  4.1400E+01  2.7214E+01  1.8437E+01  8.7771E+00  6.7311E-01
  4.0000E+01  4.1400E+01  2.4786E+01  1.8154E+01  6.6317E+00 -2.6729E-02
  4.0000E+01  4.1400E+01  2.7226E+01  1.7848E+01  9.3779E+00  1.0768E+00
  4.0000E+01  4.1400E+01  2.0500E+01  1.7531E+01  2.9692E+00 -1.1622E+00
  4.0000E+01  4.1400E+01  1.9212E+01  1.6257E+01  2.9552E+00 -7.7226E-01
  4.0000E+01  4.1400E+01  2.0613E+01  1.2899E+01  7.7140E+00  1.5963E+00
  4.0000E+01  4.1400E+01  7.2206E+00  1.0232E+01 -3.0116E+00 -1.2571E+00
  4.0000E+01  4.1400E+01  7.5401E+00  8.1167E+00 -5.7664E-01 -1.9922E-01
  4.0000E+01  4.1400E+01  7.1073E+00  6.4386E+00  6.6865E-01  3.3130E-01
  4.0000E+01  4.1400E+01  5.4313E+00  5.1075E+00  3.2381E-01  3.3170E-01
